401043
401039
401032
401033
401034
401035
401036
401051
401053
401057
401059
401061
401081
401090
401095
401074
401075
401076
401079
401084
401064
401040
401088
401042
401044
401045
401046
401047
401048
401049
401052
401054
401055
401058
401068
401089
401077
401078
401080
401085
401086
401091
401050
401056
401060
401037
401038
401094
401041
401066
401082
401062
401067
401098
401063
401065
401069
401070
401071
401072
401073
401083
401087
401093
401092
401096
401097
401099
401100
401101
401102
401103
401104
401105
401109
401202
401117
401118
401131
401134
401190
401224
401116
401177
401115
401226
401204
401150
401157
401199
401203
401139
401144
401154
401214
401106
401121
401132
401110
401111
401141
401149
401159
401135
401152
401163
401167
401208
401219
401143
401171
401196
401168
401182
401197
401179
401194
401221
401201
401207
401165
401180
401217
401129
401130
401138
401142
401172
401198
401205
401209
401218
401108
401112
401119
401151
401146
401173
401191
401213
401107
401188
401114
401123
401136
401124
401137
401140
401147
401195
401153
401215
401160
401162
401185
401206
401211
401187
401220
401222
401113
401122
401156
401120
401127
401169
401125
401170
401174
401158
401175
401183
401212
401223
401181
401184
401210
401145
401148
401186
401225
401133
401176
401189
401161
401166
401126
401128
401155
401193
401200
401216
401164
401192
401178
401250
401252
401271
401273
401232
401229
401242
401233
401246
401243
401231
401247
401248
401249
401251
401257
401270
401275
401293
401302
401306
401327
401357
401366
401397
401398
401406
401280
401317
401337
401349
401375
401413
401288
401296
401297
401308
401311
401294
401299
401325
401329
401338
401346
401352
401313
401400
401402
401330
401334
401340
401342
401350
401358
401374
401419
401429
401436
401476
401477
401485
401495
401382
401479
401480
401501
401506
401536
401416
401424
401438
401441
401467
401439
401444
401450
401454
401464
401472
401487
401544
401443
401446
401496
401507
401526
401539
401541
401445
401459
401481
401447
401448
401451
401457
401470
401471
401475
401474
401503
401511
401486
401488
401490
401504
401521
401533
401482
401489
401513
401519
401524
401531
401540
401491
401498
401515
401529
401500
401520
401522
401528
401510
401517
401530
401537
401514
401527
401543
401234
401235
401237
401274
401276
401279
401305
401351
401278
401289
401290
401318
401333
401343
401370
401378
401379
401428
401282
401310
401314
401348
401361
401414
401283
401319
401321
401328
401332
401345
401362
401407
401423
401473
401339
401364
401367
401391
401462
401505
401518
401532
401390
401393
401404
401417
401434
401435
401440
401453
401461
401497
401502
401512
401385
401388
401394
401395
401403
401411
401421
401442
401452
401463
401466
401415
401418
401422
401456
401458
401483
401493
401494
401499
401399
401420
401431
401460
401492
401538
401360
401363
401392
401369
401227
401238
401230
401239
401236
401241
401245
401258
401298
401300
401301
401344
401405
401259
401260
401265
401267
401268
401269
401272
401277
401286
401309
401316
401322
401323
401354
401368
401376
401384
401387
401409
401430
401455
401484
401525
401534
401542
401381
401408
401425
401426
401432
401437
401389
401433
401449
401465
401478
401508
401516
401284
401304
401228
401244
401240
401253
401254
401255
401256
401261
401262
401263
401264
401266
401281
401291
401295
401307
401285
401287
401335
401341
401356
401371
401372
401380
401383
401401
401292
401324
401326
401347
401353
401303
401312
401315
401320
401331
401336
401373
401377
401386
401396
401468
401469
401523
401535
401355
401359
401365
401410
401412
401427
